158,52
158,51
158,50
158,49
158,48
158,47
158,46
158,45
158,44
158,43
158,42
158,41
158,40
158,39
158,38
158,37
158,36
94,1
94,3
28,1
28,3
158,35
26,1
26,3
14,7
0,537
0,273
0,270
3,2
3,1
132,3
3,3
132,2
132,1
132,0
125,4
125,3
125,2
125,1
125,0
123,5
123,4
123,3
123,2
123,1
123,0
120,3
120,2
10,24
120,1
120,0
119,3
119,2
10,284
10,258
119,1
119,0
117,3
117,2
10,116
10,250
117,1
117,0
109,3
109,2
10,256
109,1
109,0
103,3
10,158
10,138
103,1
96,3
96,2
11,24
11,10
96,1
88,3
11,18
11,8
11,16
88,1
80,5
80,4
80,3
9,7
9,4
9,6
9,2
9,3
80,1
77,3
8,12
8,13
8,5
8,7
77,1
59,3
8,15
8,2
8,3
0,484
59,1
49,3
49,1
42,3
42,1
41,4
41,1
40,5
40,3
40,1
29,95
29,94
29,93
29,92
29,91
29,90
29,89
29,88
29,87
29,86
29,85
29,84
29,83
29,82
29,81
29,80
29,79
29,78
29,77
29,76
